 3, 462.100, 13.98, 17.53, 0.00, 0.00, 12.19, 6.69, 6.16, 6.33, 8.23, 0.00, 0.00, 0.00, 3.34, 1.81, 1.21, 1.87, 1.81, 3.34, 0.00, 1.50, 0.06, 1.75, 0.09, 1.41, 1.23, 1.16, 1.13, 33.19, EXT

 3, 426.100, 14.12, 17.62, 0.00, 0.00, 12.84, 6.81, 6.06, 6.33, 8.05, 0.00, 0.00, 0.00, 3.35, 1.81, 1.81, 1.25, 1.17, 1.21, 1.87, 1.81, 3.35, 0.00, 1.50, 1.74, 0.09, 1.40, 1.24, 1.16, EXT


 3, 402.100, 13.98, 17.53, 0.00, 0.00, 12.26, 6.21, 5.68, 6.71, 8.91, 0.00, 0.00, 0.00, 3.34, 1.81, 1.81, 1.26, 1.16, 1.20, 1.87, 1.50, 0.06, 1.74, 0.09, 1.41, 1.23, 1.16, 1.13, 33.25, EXT


 3, 409.100, 13.69, 17.72, 0.00, 0.00, 12.73, 5.67, 5.67, 7.29, 10.28, 0.00, 0.00, 0.00, 3.35, 1.81, 1.81, 1.26, 1.16, 1.21, 1.87, 1.81, 3.35, 0.00, 1.50, 0.06, 1.74, 0.09, 1.41, 1.23, EXT


 3, 496.100, 13.98, 17.33, 0.00, 0.00, 12.61, 6.91, 6.26, 6.35, 10.82, 0.00, 0.00, 1.82, 1.25, 1.16, 1.21, 1.87, 1.81, 3.34, 0.00, 1.50, 0.06, 1.75, 0.09, 1.41, 1.23, 1.16,


 3, 467.100, 13.98, 17.53, 0.00, 0.00, l3.l3, 6.10, 5.72, 7.04, 8.23, 0.00, 0.00, 0.00, 0.00, 0.00, 3.34, 1.81, 1.82, 1.26, 1.17, 1.21, 1.87, 1.50, 0.06, 1.74, 0.09, 1.40, 1.24, 1.16, EXT